fold;lamb;nleaves;trainaccu_CART;testaccu_CART;totaltime;time_c;leaves_c
1;0.1;2;0.6418331885317115;0.6330872774641771;0.24037694931030273;0.02803516387939453;[(-1,), (1,)]
2;0.1;1;0.5415852334419109;0.5286707211120765;0.21585774421691895;0;[()]
3;0.1;2;0.63800217155266;0.6407471763683753;0.21877098083496094;0.027489662170410156;[(-1,), (1,)]
1;0.05;2;0.6418331885317116;0.6330872774641771;0.23250317573547363;0.027897119522094727;[(-1,), (1,)]
2;0.05;2;0.6369163952225841;0.6429192006950478;0.2339160442352295;0.026459217071533203;[(-1,), (1,)]
3;0.05;2;0.6380021715526601;0.6407471763683753;0.23796606063842773;0.027703046798706055;[(-1,), (1,)]
1;0.025;2;0.6418331885317116;0.6330872774641771;1.8525269031524658;0.02955007553100586;[(-1,), (1,)]
2;0.025;2;0.6369163952225841;0.6429192006950478;1.9571130275726318;0.02748703956604004;[(-1,), (1,)]
3;0.025;2;0.6380021715526601;0.6407471763683753;1.7817950248718262;0.028001070022583008;[(-1,), (1,)]
1;0.01;3;0.6548653344917463;0.6556665219279201;12.972942113876343;2.4303557872772217;[(1,), (-3, -1), (-1, 3)]
2;0.01;3;0.6545059717698155;0.6516072980017377;15.266508102416992;8.541003942489624;[(9,), (-9, -1), (-9, 1)]
3;0.01;3;0.6577633007600434;0.6498696785403997;9.120987176895142;3.190303087234497;[(1,), (-3, -1), (-1, 3)]
1;0.005;5;0.6696350999131191;0.6678245766391663;43.8517119884491;12.047389030456543;[(1,), (-7, -1), (-1, 7, 12), (-12, -3, -1, 7), (-12, -1, 3, 7)]
2;0.005;5;0.6684039087947883;0.6668114682884448;193.73629903793335;14.508689880371094;[(1,), (-5, -1), (-1, 5, 12), (-12, -9, -1, 5), (-12, -1, 5, 9)]
3;0.005;5;0.6701411509229098;0.6655082536924414;38.77671504020691;14.576415061950684;[(1,), (-3, -1), (-7, -1, 3), (-12, -1, 3, 7), (-1, 3, 7, 12)]
1;0.0025;6;0.673110338835795;0.6647850629613548;4381.713506221771;64.21919918060303;[(1,), (-7, -1), (-12, -11, -1, 7), (-11, -1, 7, 12), (-8, -1, 7, 11), (-1, 7, 8, 11)]
2;0.0025;7;0.6736156351791531;0.6689834926151172;7200.000419139862;3346.7929532527924;[(1,), (-5, -1), (-1, 5, 12), (-12, -1, 5, 10), (-12, -10, -3, -1, 5), (-12, -10, -9, -1, 3, 5), (-12, -10, -1, 3, 5, 9)]
3;0.0025;5;0.6701411509229098;0.6655082536924414;4002.366665840149;91.97705101966858;[(-3,), (1, 3), (-7, -1, 3), (-12, -1, 3, 7), (-1, 3, 7, 12)]
1;0.001;11;0.66876629018245;0.667390360399479;7238.363953113556;3.657595157623291;[(-5,), (-4, 5), (-6, -1, 4, 5), (-3, 1, 4, 5), (1, 3, 4, 5, 11), (-12, -3, -1, 4, 5, 6), (-12, -1, 3, 4, 5, 6), (-7, -1, 4, 5, 6, 12), (-1, 4, 5, 6, 7, 12), (-11, -8, 1, 3, 4, 5), (-11, 1, 3, 4, 5, 8)]
2;0.001;8;0.6681867535287731;0.6685490877497828;7652.430756807327;4794.405715942383;[(2,), (-11, -2, 7), (-7, -5, -2, -1), (-7, -5, -2, 1), (-11, -7, -2, 5), (-7, -2, 5, 11), (-10, -2, 7, 11), (-2, 7, 10, 11)]
3;0.001;5;0.6701411509229098;0.6655082536924414;7200.003401994705;585.5253708362579;[(-3,), (-12, -1, 3), (-12, 1, 3), (-7, 3, 12), (3, 7, 12)]
1;0.0005;10;0.6694178974804518;0.6669561441597915;9528.266233921051;4.552641153335571;[(-5,), (-6, -1, 5), (-3, 1, 5), (1, 3, 5, 11), (-12, -3, -1, 5, 6), (-12, -1, 3, 5, 6), (-7, -1, 5, 6, 12), (-1, 5, 6, 7, 12), (-11, -6, 1, 3, 5), (-11, 1, 3, 5, 6)]
2;0.0005;12;0.6677524429967427;0.6702867072111207;7200.0017030239105;4.922757863998413;[(2,), (-8, -2, 6), (-8, -6, -2, -1), (-3, -2, 1, 8), (-8, -6, -5, -2, 1), (-8, -6, -2, 1, 5), (-12, -9, -2, -1, 8), (-12, -2, -1, 8, 9), (-5, -2, -1, 8, 12), (-2, -1, 5, 8, 12), (-5, -2, 1, 3, 8), (-2, 1, 3, 5, 8)]
3;0.0005;12;0.6714440825190011;0.6659426585577759;7200.014749288559;8.588012933731079;[(-6,), (-4, 6), (-5, -1, 4, 6), (-3, 1, 4, 6), (-12, -3, -1, 4, 5, 6), (-12, -1, 3, 4, 5, 6), (-7, -1, 4, 5, 6, 12), (-1, 4, 5, 6, 7, 12), (-8, -5, 1, 3, 4, 6), (-5, 1, 3, 4, 6, 8), (-10, 1, 3, 4, 5, 6), (1, 3, 4, 5, 6, 10)]
1;0.0001;13;0.6707211120764552;0.67216673903604;7200.076392889023;263.7512230873108;[(-5,), (-3, 1, 5), (-6, -1, 2, 5), (-9, -7, -2, -1, 5), (-9, -2, -1, 5, 7), (-11, -2, -1, 5, 9), (-2, -1, 5, 9, 11), (-3, -1, 2, 5, 6), (-1, 2, 3, 5, 6), (-8, -6, 1, 3, 5), (-6, 1, 3, 5, 8), (-8, 1, 3, 5, 6), (1, 3, 5, 6, 8)]
2;0.0001;25;0.6716612377850164;0.6681146828844483;7200.974664926529;401.5637357234955;[(2,), (-8, -2), (-6, -2, 8), (-4, -2, -1, 6, 8), (-2, 1, 6, 8, 9), (-9, -3, -2, 1, 6, 8), (-2, -1, 4, 6, 7, 8, 12), (-12, -2, -1, 4, 6, 7, 8, 10), (-9, -7, -2, 1, 3, 5, 6, 8), (-12, -7, -5, -3, -2, -1, 4, 6, 8), (-12, -7, -3, -2, -1, 4, 5, 6, 8), (-10, -7, -3, -2, -1, 4, 6, 8, 12), (-7, -3, -2, -1, 4, 6, 8, 10, 12), (-10, -7, -5, -2, -1, 3, 4, 6, 8), (-7, -5, -2, -1, 3, 4, 6, 8, 10), (-11, -7, -2, -1, 3, 4, 5, 6, 8), (-7, -2, -1, 3, 4, 5, 6, 8, 11), (-12, -10, -9, -2, -1, 4, 6, 7, 8), (-12, -10, -2, -1, 4, 6, 7, 8, 9), (-10, -9, -5, -4, -2, 1, 3, 6, 8), (-10, -9, -5, -2, 1, 3, 4, 6, 8), (-9, -5, -4, -2, 1, 3, 6, 8, 10), (-9, -5, -2, 1, 3, 4, 6, 8, 10), (-10, -9, -2, 1, 3, 5, 6, 7, 8), (-9, -2, 1, 3, 5, 6, 7, 8, 10)]
3;0.0001;17;0.6712269272529858;0.6672458731537794;7200.349112033844;821.633829832077;[(-6,), (-5, -1, 6), (1, 6, 9), (-4, -1, 2, 5, 6), (-9, -3, 1, 4, 6), (-12, -3, -2, -1, 5, 6), (-12, -2, -1, 3, 5, 6), (-7, -2, -1, 5, 6, 12), (-2, -1, 5, 6, 7, 12), (-3, -1, 2, 4, 5, 6), (-1, 2, 3, 4, 5, 6), (-9, -8, -4, -3, 1, 6), (-9, -4, -3, 1, 6, 8), (-9, -8, -5, 1, 3, 6), (-9, -5, 1, 3, 6, 8), (-9, -8, 1, 3, 5, 6), (-9, 1, 3, 5, 6, 8)]
1;5e-05;18;0.6711555169417898;0.6699956578376032;7200.001456260681;2661.5067150592804;[(-5,), (-3, 1, 5), (-6, -1, 2, 5), (1, 3, 5, 11), (-7, -4, -2, -1, 5), (-4, -1, 2, 5, 6), (-8, -4, -2, -1, 5, 7), (-4, -2, -1, 5, 7, 8), (-12, -3, -2, -1, 4, 5), (-12, -2, -1, 3, 4, 5), (-7, -2, -1, 4, 5, 12), (-2, -1, 4, 5, 7, 12), (-3, -1, 2, 4, 5, 6), (-1, 2, 3, 4, 5, 6), (-11, -8, -6, 1, 3, 5), (-11, -8, 1, 3, 5, 6), (-11, -6, 1, 3, 5, 8), (-11, 1, 3, 5, 6, 8)]
2;5e-05;25;0.6716612377850164;0.6681146828844483;7200.350349187851;128.17318296432495;[(2,), (-8, -2), (-6, -2, 8), (-4, -2, -1, 6, 8), (-2, 1, 6, 8, 9), (-9, -3, -2, 1, 6, 8), (-11, -2, -1, 4, 6, 7, 8), (-2, -1, 4, 6, 7, 8, 10, 11), (-9, -7, -2, 1, 3, 5, 6, 8), (-12, -7, -5, -3, -2, -1, 4, 6, 8), (-12, -7, -3, -2, -1, 4, 5, 6, 8), (-10, -7, -3, -2, -1, 4, 6, 8, 12), (-7, -3, -2, -1, 4, 6, 8, 10, 12), (-10, -7, -5, -2, -1, 3, 4, 6, 8), (-7, -5, -2, -1, 3, 4, 6, 8, 10), (-11, -7, -2, -1, 3, 4, 5, 6, 8), (-7, -2, -1, 3, 4, 5, 6, 8, 11), (-10, -9, -2, -1, 4, 6, 7, 8, 11), (-10, -2, -1, 4, 6, 7, 8, 9, 11), (-10, -9, -5, -4, -2, 1, 3, 6, 8), (-10, -9, -5, -2, 1, 3, 4, 6, 8), (-9, -5, -4, -2, 1, 3, 6, 8, 10), (-9, -5, -2, 1, 3, 4, 6, 8, 10), (-10, -9, -2, 1, 3, 5, 6, 7, 8), (-9, -2, 1, 3, 5, 6, 7, 8, 10)]
3;5e-05;17;0.6712269272529858;0.6672458731537794;7200.000333070755;825.0110681056976;[(-6,), (-5, -1, 6), (1, 6, 9), (-4, -1, 2, 5, 6), (-9, -3, 1, 4, 6), (-12, -3, -2, -1, 5, 6), (-12, -2, -1, 3, 5, 6), (-7, -2, -1, 5, 6, 12), (-2, -1, 5, 6, 7, 12), (-3, -1, 2, 4, 5, 6), (-1, 2, 3, 4, 5, 6), (-9, -8, -4, -3, 1, 6), (-9, -4, -3, 1, 6, 8), (-9, -8, -5, 1, 3, 6), (-9, -5, 1, 3, 6, 8), (-9, -8, 1, 3, 5, 6), (-9, 1, 3, 5, 6, 8)]
