fold;lamb;nleaves;trainaccu_CART;testaccu_CART;totaltime;time_c;leaves_c
1;0.1;3;0.7901234567901234;0.7560975609756098;0.05974602699279785;0.0069692134857177734;[(1,), (-3, -1), (-1, 3)]
2;0.1;2;0.7407407407407407;0.5365853658536586;0.005753993988037109;0.0007929801940917969;[(-1,), (1,)]
3;0.1;3;0.7317073170731707;0.875;0.07045412063598633;0.009098052978515625;[(4,), (-4, -3), (-4, 3)]
1;0.05;3;0.7901234567901234;0.7560975609756098;0.15748190879821777;0.024466753005981445;[(1,), (-3, -1), (-1, 3)]
2;0.05;3;0.8148148148148149;0.7073170731707317;0.1513221263885498;0.007480144500732422;[(1,), (-5, -1), (-1, 5)]
3;0.05;3;0.7317073170731707;0.875;2.4668641090393066;0.013670921325683594;[(4,), (-4, -3), (-4, 3)]
1;0.025;3;0.7901234567901234;0.7560975609756098;289.4590120315552;0.045800209045410156;[(1,), (-3, -1), (-1, 3)]
2;0.025;5;0.8888888888888888;0.7560975609756098;308.5979220867157;0.016370058059692383;[(1,), (-5, -1), (-1, 2, 5), (-4, -2, -1, 5), (-2, -1, 4, 5)]
3;0.025;6;0.8658536585365854;0.9;537.8882739543915;0.2752828598022461;[(3,), (-4, -3), (-3, 1, 4), (-3, -1, 2, 4), (-8, -3, -2, -1, 4), (-3, -2, -1, 4, 8)]
1;0.01;6;0.8641975308641976;0.9024390243902439;600.0000009536743;0.4912681579589844;[(1,), (-3, -1), (-1, 3, 4), (-4, -1, 3, 6), (-6, -5, -4, -1, 3), (-6, -4, -1, 3, 5)]
2;0.01;6;0.9012345679012346;0.8292682926829268;600.0000038146973;0.02445697784423828;[(1,), (-5, -1), (-1, 2, 5), (-2, -1, 4, 5), (-9, -4, -2, -1, 5), (-4, -2, -1, 5, 9)]
3;0.01;6;0.8658536585365854;0.9;600.000018119812;0.9891011714935303;[(3,), (-4, -3), (-3, 1, 4), (-3, -1, 2, 4), (-8, -3, -2, -1, 4), (-3, -2, -1, 4, 8)]
1;0.005;11;0.9012345679012346;0.7073170731707317;600.0003776550293;0.3725566864013672;[(3,), (-3, -1), (-3, 1, 6), (-6, -5, -4, -3, 1), (-6, -3, 1, 5, 10), (-6, -5, -3, -2, 1, 4), (-6, -5, -3, 1, 2, 4), (-11, -10, -7, -6, -3, 1, 5), (-11, -10, -6, -3, 1, 5, 7), (-10, -8, -6, -3, 1, 5, 11), (-10, -6, -3, 1, 5, 8, 11)]
2;0.005;7;0.9135802469135803;0.7804878048780488;600.0002949237823;0.03395986557006836;[(1,), (-5, -1), (-1, 2, 5), (-2, -1, 4, 5), (-9, -4, -2, -1, 5), (-11, -4, -2, -1, 5, 9), (-4, -2, -1, 5, 9, 11)]
3;0.005;14;0.9268292682926829;0.825;600.0003230571747;455.7627692222595;[(1,), (-8, -2, -1), (-1, 2, 4), (-4, -3, -1, 2), (-9, -2, -1, 3, 8), (-6, -4, -1, 2, 3), (-10, -4, -3, -2, -1, 8), (-10, -3, -2, -1, 4, 8), (-7, -3, -2, -1, 8, 10), (-3, -2, -1, 7, 8, 10), (-10, -2, -1, 3, 8, 9), (-2, -1, 3, 8, 9, 10), (-11, -4, -1, 2, 3, 6), (-4, -1, 2, 3, 6, 11)]
1;0.0025;12;0.9259259259259259;0.7073170731707317;600.0000019073486;21.371644020080566;[(3,), (-5, -3, -1), (-3, 5, 10), (-5, -3, 1, 6), (-10, -3, -1, 5), (-6, -5, -4, -3, 1), (-6, -5, -3, -2, 1, 4), (-6, -5, -3, 1, 2, 4), (-11, -10, -7, -3, 1, 5), (-11, -10, -3, 1, 5, 7), (-10, -8, -3, 1, 5, 11), (-10, -3, 1, 5, 8, 11)]
2;0.0025;21;0.9753086419753086;0.6585365853658537;601.2362191677094;69.42393016815186;[(-3, -1), (-3, 1, 8), (1, 2, 3), (-8, -3, 1, 4), (-5, -1, 2, 3), (-1, 2, 3, 5), (-2, 1, 3, 4), (-8, -4, -3, 1, 9), (-4, -2, -1, 3, 11), (-5, -2, -1, 3, 4), (-2, -1, 3, 4, 5), (-9, -4, -2, 1, 3), (-9, -8, -4, -3, -2, 1), (-9, -8, -4, -3, 1, 2), (-11, -4, -2, -1, 3, 6), (-8, -4, -2, 1, 3, 9), (-11, -6, -5, -4, -2, -1, 3), (-11, -4, -2, 1, 3, 8, 9), (-4, -2, 1, 3, 8, 9, 11), (-11, -9, -6, -4, -2, -1, 3, 5), (-11, -6, -4, -2, -1, 3, 5, 9)]
3;0.0025;15;0.926829268292683;0.75;600.000913143158;2.6997323036193848;[(1,), (-1, 2, 4), (-8, -4, -3, -1), (-4, -1, 8, 10), (-8, -2, -1, 4), (-8, -4, -1, 3, 7), (-10, -4, -3, -1, 8), (-10, -2, -1, 4, 8), (-8, -7, -4, -2, -1, 3), (-10, -5, -4, -1, 3, 8), (-10, -4, -1, 3, 5, 8), (-7, -2, -1, 4, 8, 10), (-2, -1, 4, 7, 8, 10), (-11, -8, -7, -4, -1, 2, 3), (-8, -7, -4, -1, 2, 3, 11)]
1;0.001;12;0.9259259259259259;0.6341463414634146;600.0005691051483;20.599823236465454;[(3,), (-5, -3, -1), (-3, 5, 10), (-5, -3, 1, 6), (-6, -5, -3, 1, 2), (-11, -10, -3, -1, 5), (-10, -8, -3, 5, 11), (-10, -3, 5, 8, 11), (-6, -5, -4, -3, -2, 1), (-6, -5, -3, -2, 1, 4), (-11, -10, -7, -3, 1, 5), (-11, -10, -3, 1, 5, 7)]
2;0.001;19;0.9876543209876543;0.5853658536585366;600.0002810955048;243.73020577430725;[(1, 8), (-8, 1, 2), (-5, -1, 8), (-8, -5, -1, 9), (-8, -2, 1, 9), (-3, -1, 5, 8), (-9, -8, -6, -5, -1), (-9, -8, -3, -1, 6), (-9, -8, -1, 3, 6), (-11, -8, -1, 5, 9), (-8, -1, 5, 9, 11), (-9, -8, -4, -2, 1), (-9, -8, -2, 1, 4), (-1, 2, 3, 5, 8), (-9, -8, -6, -1, 2, 5), (-4, -2, -1, 3, 5, 8), (-2, -1, 3, 4, 5, 8), (-9, -8, -6, -4, -2, -1, 5), (-9, -8, -6, -2, -1, 4, 5)]
3;0.001;14;0.926829268292683;0.825;600.0022149085999;17.998297929763794;[(1,), (-8, -2, -1), (-1, 2, 4), (-4, -3, -1, 2), (-10, -2, -1, 4, 8), (-4, -2, -1, 8, 10), (-6, -4, -1, 2, 3), (-10, -4, -3, -2, -1, 8), (-7, -2, -1, 4, 8, 10), (-2, -1, 4, 7, 8, 10), (-11, -4, -1, 2, 3, 6), (-4, -1, 2, 3, 6, 11), (-10, -9, -4, -2, -1, 3, 8), (-10, -4, -2, -1, 3, 8, 9)]
