fold;lamb;nleaves;trainaccu_CART;testaccu_CART;totaltime;time_c;leaves_c
1;0.1;1;0.6473354231974922;0.665625;0.0551450252532959;0;[()]
2;0.1;1;0.647887323943662;0.664576802507837;0.052622079849243164;0;[()]
3;0.1;1;0.6651017214397495;0.6300940438871473;0.05208706855773926;0;[()]
1;0.05;1;0.6473354231974922;0.665625;3.9425158500671387;0;[()]
2;0.05;2;0.7057902973395931;0.6865203761755486;2.0584218502044678;0.0039899349212646484;[(-1,), (1,)]
3;0.05;1;0.6651017214397497;0.6300940438871473;1.974452018737793;0;[()]
1;0.025;6;0.7962382445141066;0.8125;600.0013420581818;1.6553289890289307;[(2,), (-9, -6, -2), (-9, -2, 6), (-2, 7, 9), (-15, -7, -2, 9), (-7, -2, 9, 15)]
2;0.025;2;0.7057902973395931;0.6865203761755486;600.0003821849823;0.0043370723724365234;[(-1,), (1,)]
3;0.025;6;0.8059467918622848;0.7931034482758621;600.000048160553;1.5415370464324951;[(2,), (-16, -13, -2), (-16, -2, 13), (-2, 6, 16), (-14, -6, -2, 16), (-6, -2, 14, 16)]
1;0.01;9;0.8385579937304075;0.834375;600.0008971691132;96.25400304794312;[(2,), (-15, -7, -2), (-15, -2, 7, 9), (-9, -6, -2, 15), (-9, -2, 6, 15), (-16, -2, 9, 15), (-2, 9, 15, 16), (-15, -9, -6, -2, 7), (-15, -9, -2, 6, 7)]
2;0.01;10;0.8591549295774648;0.8119122257053292;600.0001459121704;46.584161043167114;[(2,), (-15, -13, -2), (-12, -8, -2, 13), (-8, -2, 12, 13), (-18, -2, 8, 13), (-2, 8, 13, 18), (-13, -12, -8, -2, 15), (-13, -12, -2, 8, 15), (-13, -9, -2, 12, 15), (-13, -2, 9, 12, 15)]
3;0.01;10;0.8607198748043818;0.8056426332288401;600.001179933548;520.6174342632294;[(2,), (-14, -6, -2), (-13, -7, -2, 14), (-7, -2, 13, 14), (-16, -2, 7, 14), (-2, 7, 14, 16), (-16, -14, -9, -2, 6), (-14, -9, -2, 6, 16), (-14, -13, -2, 6, 9), (-14, -2, 6, 9, 13)]
1;0.005;17;0.8761755485893417;0.85625;600.0000851154327;158.2740969657898;[(2,), (-6, -2, 3), (-15, -7, -3, -2), (-3, -2, 7, 10), (-7, -3, -2, 15, 16), (-12, -7, -2, 3, 6), (-12, -2, 3, 6, 7), (-15, -2, 3, 6, 12), (-2, 3, 6, 12, 15), (-16, -12, -7, -3, -2, 15), (-10, -8, -3, -2, 7, 18), (-10, -6, -3, -2, 7, 8), (-10, -3, -2, 6, 7, 8), (-16, -7, -6, -3, -2, 12, 15), (-16, -7, -3, -2, 6, 12, 15), (-18, -14, -10, -8, -3, -2, 7), (-18, -10, -8, -3, -2, 7, 14)]
2;0.005;14;0.8607198748043818;0.8338557993730408;600.0002291202545;546.8710021972656;[(2,), (-12, -2, 3), (-15, -13, -3, -2), (-3, -2, 13, 17), (-13, -3, -2, 4, 15), (-17, -12, -3, -2, 13), (-15, -13, -2, 3, 12), (-15, -2, 3, 12, 13), (-9, -2, 3, 12, 15), (-2, 3, 9, 12, 15), (-13, -9, -4, -3, -2, 15), (-13, -4, -3, -2, 9, 15), (-17, -10, -3, -2, 12, 13), (-17, -3, -2, 10, 12, 13)]
3;0.005;15;0.8575899843505477;0.8213166144200627;600.0006897449493;588.9475100040436;[(2,), (-14, -2, 3), (-10, -3, -2, -1), (-3, -2, 10, 16), (-16, -13, -3, -2, 10), (-13, -7, -2, 3, 14), (-7, -2, 3, 13, 14), (-16, -2, 3, 7, 14), (-2, 3, 7, 14, 16), (-15, -10, -4, -3, -2, 1), (-15, -10, -3, -2, 1, 4), (-17, -10, -3, -2, 1, 15), (-10, -3, -2, 1, 15, 17), (-16, -9, -3, -2, 10, 13), (-16, -3, -2, 9, 10, 13)]
1;0.0025;16;0.8197492163009404;0.78125;600.0045912265778;200.76850295066833;[(2,), (-2, -1, 15), (-15, -7, -2, -1), (-6, -2, 1, 3), (-15, -2, -1, 7, 9), (-4, -3, -2, 1, 11), (-15, -3, -2, 1, 4), (-16, -2, 1, 3, 6), (-15, -9, -6, -2, -1, 7), (-15, -9, -2, -1, 6, 7), (-11, -5, -4, -3, -2, 1), (-11, -4, -3, -2, 1, 5), (-18, -3, -2, 1, 4, 15), (-3, -2, 1, 4, 15, 18), (-4, -2, 1, 3, 6, 16), (-2, 1, 3, 4, 6, 16)]
2;0.0025;20;0.8450704225352113;0.8119122257053292;600.0009989738464;255.12786412239075;[(2,), (-2, -1, 13), (-15, -13, -2, -1), (-12, -2, 1, 3), (-13, -6, -2, -1, 15), (-15, -3, -2, 1, 4), (-3, -2, 1, 4, 15), (-4, -2, 1, 3, 12), (-13, -2, -1, 6, 14, 15), (-15, -13, -4, -3, -2, 1), (-16, -4, -3, -2, 1, 13), (-2, 1, 3, 4, 6, 12), (-14, -13, -12, -2, -1, 6, 15), (-14, -13, -2, -1, 6, 12, 15), (-13, -9, -4, -3, -2, 1, 15), (-13, -4, -3, -2, 1, 9, 15), (-11, -4, -3, -2, 1, 13, 16), (-4, -3, -2, 1, 11, 13, 16), (-10, -6, -2, 1, 3, 4, 12), (-6, -2, 1, 3, 4, 10, 12)]
3;0.0025;17;0.8169014084507042;0.768025078369906;600.000736951828;323.6894929409027;[(2,), (-2, -1, 6), (-14, -6, -2, -1), (-14, -2, 1, 3), (-6, -3, -2, -1, 14), (-16, -3, -2, 1, 4), (-9, -2, 1, 3, 14), (-6, -4, -2, -1, 3, 14), (-6, -2, -1, 3, 4, 14), (-15, -5, -4, -3, -2, 1), (-5, -4, -3, -2, 1, 15), (-6, -4, -3, -2, 1, 5), (-4, -3, -2, 1, 5, 6), (-17, -3, -2, 1, 4, 16), (-3, -2, 1, 4, 16, 17), (-4, -2, 1, 3, 9, 14), (-2, 1, 3, 4, 9, 14)]
1;0.001;21;0.8244514106583072;0.778125;600.0099730491638;581.9312870502472;[(2,), (-2, -1, 15), (-15, -7, -2, -1), (-6, -2, 1, 3), (-15, -11, -2, -1, 7), (-4, -3, -2, 1, 11), (-15, -3, -2, 1, 4), (-16, -2, 1, 3, 6), (-15, -2, -1, 6, 7, 11), (-10, -3, -2, 1, 4, 15), (-2, 1, 3, 6, 16, 17), (-15, -8, -6, -2, -1, 7, 11), (-15, -6, -2, -1, 7, 8, 11), (-11, -6, -5, -4, -3, -2, 1), (-11, -5, -4, -3, -2, 1, 6), (-11, -7, -4, -3, -2, 1, 5), (-11, -4, -3, -2, 1, 5, 7), (-18, -3, -2, 1, 4, 10, 15), (-3, -2, 1, 4, 10, 15, 18), (-17, -4, -2, 1, 3, 6, 16), (-17, -2, 1, 3, 4, 6, 16)]
2;0.001;17;0.8262910798122065;0.8056426332288401;601.7893829345703;391.21460604667664;[(2,), (-2, -1, 13), (-15, -13, -2, -1), (-12, -2, 1, 3), (-13, -6, -2, -1, 15), (-15, -3, -2, 1, 4), (-3, -2, 1, 4, 15), (-13, -3, -2, -1, 6, 15), (-13, -2, -1, 3, 6, 15), (-16, -5, -4, -3, -2, 1), (-5, -4, -3, -2, 1, 16), (-13, -4, -3, -2, 1, 5), (-4, -3, -2, 1, 5, 13), (-5, -4, -2, 1, 3, 12), (-4, -2, 1, 3, 5, 12), (-6, -2, 1, 3, 4, 12), (-2, 1, 3, 4, 6, 12)]
3;0.001;17;0.8169014084507042;0.768025078369906;600.001874923706;399.0547819137573;[(2,), (-2, -1, 6), (-14, -6, -2, -1), (-14, -2, 1, 3), (-6, -3, -2, -1, 14), (-16, -3, -2, 1, 4), (-9, -2, 1, 3, 14), (-6, -4, -2, -1, 3, 14), (-6, -2, -1, 3, 4, 14), (-15, -5, -4, -3, -2, 1), (-5, -4, -3, -2, 1, 15), (-6, -4, -3, -2, 1, 5), (-4, -3, -2, 1, 5, 6), (-17, -3, -2, 1, 4, 16), (-3, -2, 1, 4, 16, 17), (-4, -2, 1, 3, 9, 14), (-2, 1, 3, 4, 9, 14)]
