time;queue_size;split_tree;new_tree;new_tree_length;new_tree_prediction;new_tree_objective;best_tree;best_tree_length;prediction;objective;lower_bound;accuracy;num_captured;num_captured_incorrect
0.018845081329345703;1;;((-1,), (1,));2;[0, 1];0.47707253510930936;((-1,), (1,));2;[0, 1];0.47707253510930936;[0.06415810047777618, 0.43291443463153323];0.5429274648906907;[6258, 649];[2852, 305]
0.03745722770690918;2;;((-2,), (2,));2;[0, 1];0.4777964383958303;((-1,), (1,));2;[0, 1];0.47707253510930936;[0.06415810047777618, 0.43291443463153323];0.5429274648906907;[6258, 649];[2852, 305]
0.05528450012207031;3;;((-3,), (3,));2;[0, 1];0.3810829593166353;((-3,), (3,));2;[0, 1];0.3810829593166353;[0.12655856377587954, 0.27452439554075575];0.6389170406833647;[4733, 2174];[1758, 736]
0.06765604019165039;3;((-3,), (3,));((3,), (-3, -1), (-3, 1));3;[1, 0, 0];0.39108295931663534;((-3,), (3,));2;[0, 1];0.3810829593166353;[0.12655856377587954, 0.27452439554075575];0.6389170406833647;[4733, 2174];[1758, 736]
0.08008742332458496;4;((-3,), (3,));((3,), (-3, -2), (-3, 2));3;[1, 0, 0];0.39108295931663534;((-3,), (3,));2;[0, 1];0.3810829593166353;[0.12655856377587954, 0.27452439554075575];0.6389170406833647;[4733, 2174];[1758, 736]
0.08615875244140625;5;((-3,), (3,));((-3,), (3, -1), (3, 1));3;[0, 1, 1];0.3910829593166353;((-3,), (3,));2;[0, 1];0.3810829593166353;[0.12655856377587954, 0.27452439554075575];0.6389170406833647;[4733, 2174];[1758, 736]
0.09421515464782715;6;((-3,), (3,));((-3,), (3, -2), (3, 2));3;[0, 1, 1];0.3910829593166353;((-3,), (3,));2;[0, 1];0.3810829593166353;[0.12655856377587954, 0.27452439554075575];0.6389170406833647;[4733, 2174];[1758, 736]
0.10028910636901855;6;((3,), (-3, -1), (-3, 1));((-3, -1), (-3, 1), (3, -1), (3, 1));4;[0, 0, 1, 1];0.4010829593166353;((-3,), (3,));2;[0, 1];0.3810829593166353;[0.12655856377587954, 0.27452439554075575];0.6389170406833647;[4733, 2174];[1758, 736]
0.10646557807922363;7;((3,), (-3, -1), (-3, 1));((-3, -1), (-3, 1), (3, -2), (3, 2));4;[0, 0, 1, 1];0.4010829593166353;((-3,), (3,));2;[0, 1];0.3810829593166353;[0.12655856377587954, 0.27452439554075575];0.6389170406833647;[4733, 2174];[1758, 736]
0.11754679679870605;8;((3,), (-3, -1), (-3, 1));((3,), (-3, 1), (-3, -1, -2), (-3, -1, 2));4;[1, 0, 0, 0];0.40108295931663535;((-3,), (3,));2;[0, 1];0.3810829593166353;[0.12655856377587954, 0.27452439554075575];0.6389170406833647;[4733, 2174];[1758, 736]
0.11949658393859863;9;((3,), (-3, -1), (-3, 1));((3,), (-3, -1), (-3, 1, -2), (-3, 1, 2));4;[1, 0, 0, 0];0.40108295931663535;((-3,), (3,));2;[0, 1];0.3810829593166353;[0.12655856377587954, 0.27452439554075575];0.6389170406833647;[4733, 2174];[1758, 736]
0.12560772895812988;9;((3,), (-3, -2), (-3, 2));((-3, -2), (-3, 2), (3, -1), (3, 1));4;[0, 0, 1, 1];0.4010829593166353;((-3,), (3,));2;[0, 1];0.3810829593166353;[0.12655856377587954, 0.27452439554075575];0.6389170406833647;[4733, 2174];[1758, 736]
0.13158965110778809;10;((3,), (-3, -2), (-3, 2));((-3, -2), (-3, 2), (3, -2), (3, 2));4;[0, 0, 1, 1];0.4010829593166353;((-3,), (3,));2;[0, 1];0.3810829593166353;[0.12655856377587954, 0.27452439554075575];0.6389170406833647;[4733, 2174];[1758, 736]
0.142930269241333;11;((3,), (-3, -2), (-3, 2));((3,), (-3, 2), (-3, -2, -1), (-3, -2, 1));4;[1, 0, 0, 0];0.40108295931663535;((-3,), (3,));2;[0, 1];0.3810829593166353;[0.12655856377587954, 0.27452439554075575];0.6389170406833647;[4733, 2174];[1758, 736]
0.14522695541381836;12;((3,), (-3, -2), (-3, 2));((3,), (-3, -2), (-3, 2, -1), (-3, 2, 1));4;[1, 0, 0, 0];0.40108295931663535;((-3,), (3,));2;[0, 1];0.3810829593166353;[0.12655856377587954, 0.27452439554075575];0.6389170406833647;[4733, 2174];[1758, 736]
0.15656161308288574;12;((-3, -1), (-3, 1), (3, -1), (3, 1));((-3, 1), (3, -1), (3, 1), (-3, -1, -2), (-3, -1, 2));5;[0, 1, 1, 0, 0];0.41108295931663535;((-3,), (3,));2;[0, 1];0.3810829593166353;[0.12655856377587954, 0.27452439554075575];0.6389170406833647;[4733, 2174];[1758, 736]
0.15858840942382812;13;((-3, -1), (-3, 1), (3, -1), (3, 1));((-3, -1), (3, -1), (3, 1), (-3, 1, -2), (-3, 1, 2));5;[0, 1, 1, 0, 0];0.4110829593166353;((-3,), (3,));2;[0, 1];0.3810829593166353;[0.12655856377587954, 0.27452439554075575];0.6389170406833647;[4733, 2174];[1758, 736]
0.17003512382507324;13;((-3, -1), (-3, 1), (3, -2), (3, 2));((-3, 1), (3, -2), (3, 2), (-3, -1, -2), (-3, -1, 2));5;[0, 1, 1, 0, 0];0.41108295931663535;((-3,), (3,));2;[0, 1];0.3810829593166353;[0.12655856377587954, 0.27452439554075575];0.6389170406833647;[4733, 2174];[1758, 736]
0.17199087142944336;14;((-3, -1), (-3, 1), (3, -2), (3, 2));((-3, -1), (3, -2), (3, 2), (-3, 1, -2), (-3, 1, 2));5;[0, 1, 1, 0, 0];0.4110829593166353;((-3,), (3,));2;[0, 1];0.3810829593166353;[0.12655856377587954, 0.27452439554075575];0.6389170406833647;[4733, 2174];[1758, 736]
0.1782379150390625;14;((3,), (-3, 1), (-3, -1, -2), (-3, -1, 2));((-3, 1), (-3, -1, -2), (-3, -1, 2), (3, -1), (3, 1));5;[0, 0, 0, 1, 1];0.41108295931663535;((-3,), (3,));2;[0, 1];0.3810829593166353;[0.12655856377587954, 0.27452439554075575];0.6389170406833647;[4733, 2174];[1758, 736]
0.18438076972961426;15;((3,), (-3, 1), (-3, -1, -2), (-3, -1, 2));((-3, 1), (-3, -1, -2), (-3, -1, 2), (3, -2), (3, 2));5;[0, 0, 0, 1, 1];0.41108295931663535;((-3,), (3,));2;[0, 1];0.3810829593166353;[0.12655856377587954, 0.27452439554075575];0.6389170406833647;[4733, 2174];[1758, 736]
0.18631505966186523;16;((3,), (-3, 1), (-3, -1, -2), (-3, -1, 2));((3,), (-3, -1, -2), (-3, -1, 2), (-3, 1, -2), (-3, 1, 2));5;[1, 0, 0, 0, 0];0.41108295931663535;((-3,), (3,));2;[0, 1];0.3810829593166353;[0.12655856377587954, 0.27452439554075575];0.6389170406833647;[4733, 2174];[1758, 736]
0.19255518913269043;16;((3,), (-3, 2), (-3, -2, -1), (-3, -2, 1));((-3, 2), (-3, -2, -1), (-3, -2, 1), (3, -1), (3, 1));5;[0, 0, 0, 1, 1];0.4110829593166353;((-3,), (3,));2;[0, 1];0.3810829593166353;[0.12655856377587954, 0.27452439554075575];0.6389170406833647;[4733, 2174];[1758, 736]
0.19874095916748047;17;((3,), (-3, 2), (-3, -2, -1), (-3, -2, 1));((-3, 2), (-3, -2, -1), (-3, -2, 1), (3, -2), (3, 2));5;[0, 0, 0, 1, 1];0.4110829593166353;((-3,), (3,));2;[0, 1];0.3810829593166353;[0.12655856377587954, 0.27452439554075575];0.6389170406833647;[4733, 2174];[1758, 736]
0.2014620304107666;18;((3,), (-3, 2), (-3, -2, -1), (-3, -2, 1));((3,), (-3, -2, -1), (-3, -2, 1), (-3, 2, -1), (-3, 2, 1));5;[1, 0, 0, 0, 0];0.41108295931663535;((-3,), (3,));2;[0, 1];0.3810829593166353;[0.12655856377587954, 0.27452439554075575];0.6389170406833647;[4733, 2174];[1758, 736]
0.21378874778747559;16;((-3, -2), (-3, 2), (3, -2), (3, 2));((-3, 2), (3, -2), (3, 2), (-3, -2, -1), (-3, -2, 1));5;[0, 1, 1, 0, 0];0.4110829593166353;((-3,), (3,));2;[0, 1];0.3810829593166353;[0.12655856377587954, 0.27452439554075575];0.6389170406833647;[4733, 2174];[1758, 736]
0.21608638763427734;17;((-3, -2), (-3, 2), (3, -2), (3, 2));((-3, -2), (3, -2), (3, 2), (-3, 2, -1), (-3, 2, 1));5;[0, 1, 1, 0, 0];0.4110829593166353;((-3,), (3,));2;[0, 1];0.3810829593166353;[0.12655856377587954, 0.27452439554075575];0.6389170406833647;[4733, 2174];[1758, 736]
0.22808289527893066;17;((-3, -2), (-3, 2), (3, -1), (3, 1));((-3, 2), (3, -1), (3, 1), (-3, -2, -1), (-3, -2, 1));5;[0, 1, 1, 0, 0];0.4110829593166353;((-3,), (3,));2;[0, 1];0.3810829593166353;[0.12655856377587954, 0.27452439554075575];0.6389170406833647;[4733, 2174];[1758, 736]
0.2303621768951416;18;((-3, -2), (-3, 2), (3, -1), (3, 1));((-3, -2), (3, -1), (3, 1), (-3, 2, -1), (-3, 2, 1));5;[0, 1, 1, 0, 0];0.4110829593166353;((-3,), (3,));2;[0, 1];0.3810829593166353;[0.12655856377587954, 0.27452439554075575];0.6389170406833647;[4733, 2174];[1758, 736]
0.2324354648590088;17;((-3, 1), (-3, -1, -2), (-3, -1, 2), (3, -2), (3, 2));((-3, -1, -2), (-3, -1, 2), (3, -2), (3, 2), (-3, 1, -2), (-3, 1, 2));6;[0, 0, 1, 1, 0, 0];0.4210829593166353;((-3,), (3,));2;[0, 1];0.3810829593166353;[0.12655856377587954, 0.27452439554075575];0.6389170406833647;[4733, 2174];[1758, 736]
0.23445367813110352;17;((-3, 1), (-3, -1, -2), (-3, -1, 2), (3, -1), (3, 1));((-3, -1, -2), (-3, -1, 2), (3, -1), (3, 1), (-3, 1, -2), (-3, 1, 2));6;[0, 0, 1, 1, 0, 0];0.4210829593166353;((-3,), (3,));2;[0, 1];0.3810829593166353;[0.12655856377587954, 0.27452439554075575];0.6389170406833647;[4733, 2174];[1758, 736]
0.23670101165771484;14;((-3, 2), (-3, -2, -1), (-3, -2, 1), (3, -2), (3, 2));((-3, -2, -1), (-3, -2, 1), (3, -2), (3, 2), (-3, 2, -1), (-3, 2, 1));6;[0, 0, 1, 1, 0, 0];0.4210829593166353;((-3,), (3,));2;[0, 1];0.3810829593166353;[0.12655856377587954, 0.27452439554075575];0.6389170406833647;[4733, 2174];[1758, 736]
0.23896574974060059;13;((-3, 2), (-3, -2, -1), (-3, -2, 1), (3, -1), (3, 1));((-3, -2, -1), (-3, -2, 1), (3, -1), (3, 1), (-3, 2, -1), (-3, 2, 1));6;[0, 0, 1, 1, 0, 0];0.4210829593166353;((-3,), (3,));2;[0, 1];0.3810829593166353;[0.12655856377587954, 0.27452439554075575];0.6389170406833647;[4733, 2174];[1758, 736]
0.2550811767578125;2;((-2,), (2,));((2,), (-2, -1), (-2, 1));3;[1, 0, 1];0.48214999276096715;((-3,), (3,));2;[0, 1];0.3810829593166353;[0.12655856377587954, 0.27452439554075575];0.6389170406833647;[4733, 2174];[1758, 736]
0.27069687843322754;3;((-2,), (2,));((2,), (-2, -3), (-2, 3));3;[1, 0, 1];0.4070088316200956;((-3,), (3,));2;[0, 1];0.3810829593166353;[0.12655856377587954, 0.27452439554075575];0.6389170406833647;[4733, 2174];[1758, 736]
0.27362537384033203;4;((-2,), (2,));((-2,), (2, -1), (2, 1));3;[0, 1, 0];0.4877964383958303;((-3,), (3,));2;[0, 1];0.3810829593166353;[0.12655856377587954, 0.27452439554075575];0.6389170406833647;[4733, 2174];[1758, 736]
0.27652525901794434;5;((-2,), (2,));((-2,), (2, -3), (2, 3));3;[0, 0, 1];0.47187056609237005;((-3,), (3,));2;[0, 1];0.3810829593166353;[0.12655856377587954, 0.27452439554075575];0.6389170406833647;[4733, 2174];[1758, 736]
0.27941298484802246;5;((2,), (-2, -3), (-2, 3));((-2, -3), (-2, 3), (2, -1), (2, 1));4;[0, 1, 1, 0];0.4170088316200956;((-3,), (3,));2;[0, 1];0.3810829593166353;[0.12655856377587954, 0.27452439554075575];0.6389170406833647;[4733, 2174];[1758, 736]
0.2823033332824707;6;((2,), (-2, -3), (-2, 3));((-2, -3), (-2, 3), (2, -3), (2, 3));4;[0, 1, 0, 1];0.4010829593166353;((-3,), (3,));2;[0, 1];0.3810829593166353;[0.12655856377587954, 0.27452439554075575];0.6389170406833647;[4733, 2174];[1758, 736]
0.285294771194458;6;((-2, -3), (-2, 3), (2, -1), (2, 1));((-2, -3), (-2, 3), (2, 1), (2, -1, -3), (2, -1, 3));5;[0, 1, 0, 0, 1];0.4110829593166353;((-3,), (3,));2;[0, 1];0.3810829593166353;[0.12655856377587954, 0.27452439554075575];0.6389170406833647;[4733, 2174];[1758, 736]
0.2962825298309326;6;((-2, -3), (-2, 3), (2, -3), (2, 3));((-2, 3), (2, -3), (2, 3), (-2, -3, -1), (-2, -3, 1));5;[1, 0, 1, 0, 0];0.4110829593166353;((-3,), (3,));2;[0, 1];0.3810829593166353;[0.12655856377587954, 0.27452439554075575];0.6389170406833647;[4733, 2174];[1758, 736]
0.3015866279602051;7;((-2, -3), (-2, 3), (2, -3), (2, 3));((-2, -3), (2, -3), (2, 3), (-2, 3, -1), (-2, 3, 1));5;[0, 0, 1, 1, 1];0.4110829593166353;((-3,), (3,));2;[0, 1];0.3810829593166353;[0.12655856377587954, 0.27452439554075575];0.6389170406833647;[4733, 2174];[1758, 736]
0.3068208694458008;7;((-2, 3), (2, -3), (2, 3), (-2, -3, -1), (-2, -3, 1));((2, -3), (2, 3), (-2, -3, -1), (-2, -3, 1), (-2, 3, -1), (-2, 3, 1));6;[0, 1, 0, 0, 1, 1];0.4210829593166353;((-3,), (3,));2;[0, 1];0.3810829593166353;[0.12655856377587954, 0.27452439554075575];0.6389170406833647;[4733, 2174];[1758, 736]
0.3090040683746338;8;((-2, 3), (2, -3), (2, 3), (-2, -3, -1), (-2, -3, 1));((-2, 3), (2, 3), (-2, -3, -1), (-2, -3, 1), (2, -3, -1), (2, -3, 1));6;[1, 1, 0, 0, 0, 0];0.4210829593166353;((-3,), (3,));2;[0, 1];0.3810829593166353;[0.12655856377587954, 0.27452439554075575];0.6389170406833647;[4733, 2174];[1758, 736]
0.3103630542755127;9;((-2, 3), (2, -3), (2, 3), (-2, -3, -1), (-2, -3, 1));((-2, 3), (2, -3), (-2, -3, -1), (-2, -3, 1), (2, 3, -1), (2, 3, 1));6;[1, 0, 0, 0, 1, 0];0.4210829593166353;((-3,), (3,));2;[0, 1];0.3810829593166353;[0.12655856377587954, 0.27452439554075575];0.6389170406833647;[4733, 2174];[1758, 736]
0.321505069732666;9;((-2, -3), (2, -3), (2, 3), (-2, 3, -1), (-2, 3, 1));((2, -3), (2, 3), (-2, 3, -1), (-2, 3, 1), (-2, -3, -1), (-2, -3, 1));6;[0, 1, 1, 1, 0, 0];0.4210829593166353;((-3,), (3,));2;[0, 1];0.3810829593166353;[0.12655856377587954, 0.27452439554075575];0.6389170406833647;[4733, 2174];[1758, 736]
0.32364630699157715;10;((-2, -3), (2, -3), (2, 3), (-2, 3, -1), (-2, 3, 1));((-2, -3), (2, 3), (-2, 3, -1), (-2, 3, 1), (2, -3, -1), (2, -3, 1));6;[0, 1, 1, 1, 0, 0];0.4210829593166353;((-3,), (3,));2;[0, 1];0.3810829593166353;[0.12655856377587954, 0.27452439554075575];0.6389170406833647;[4733, 2174];[1758, 736]
0.3250298500061035;11;((-2, -3), (2, -3), (2, 3), (-2, 3, -1), (-2, 3, 1));((-2, -3), (2, -3), (-2, 3, -1), (-2, 3, 1), (2, 3, -1), (2, 3, 1));6;[0, 0, 1, 1, 1, 0];0.4210829593166353;((-3,), (3,));2;[0, 1];0.3810829593166353;[0.12655856377587954, 0.27452439554075575];0.6389170406833647;[4733, 2174];[1758, 736]
0.32724761962890625;11;((2, -3), (2, 3), (-2, -3, -1), (-2, -3, 1), (-2, 3, -1), (-2, 3, 1));((2, 3), (-2, -3, -1), (-2, -3, 1), (-2, 3, -1), (-2, 3, 1), (2, -3, -1), (2, -3, 1));7;[1, 0, 0, 1, 1, 0, 0];0.4310829593166353;((-3,), (3,));2;[0, 1];0.3810829593166353;[0.12655856377587954, 0.27452439554075575];0.6389170406833647;[4733, 2174];[1758, 736]
0.3286116123199463;12;((2, -3), (2, 3), (-2, -3, -1), (-2, -3, 1), (-2, 3, -1), (-2, 3, 1));((2, -3), (-2, -3, -1), (-2, -3, 1), (-2, 3, -1), (-2, 3, 1), (2, 3, -1), (2, 3, 1));7;[0, 0, 0, 1, 1, 1, 0];0.4310829593166353;((-3,), (3,));2;[0, 1];0.3810829593166353;[0.12655856377587954, 0.27452439554075575];0.6389170406833647;[4733, 2174];[1758, 736]
0.3342771530151367;12;((-2, 3), (2, -3), (-2, -3, -1), (-2, -3, 1), (2, 3, -1), (2, 3, 1));((2, -3), (-2, -3, -1), (-2, -3, 1), (2, 3, -1), (2, 3, 1), (-2, 3, -1), (-2, 3, 1));7;[0, 0, 0, 1, 0, 1, 1];0.4310829593166353;((-3,), (3,));2;[0, 1];0.3810829593166353;[0.12655856377587954, 0.27452439554075575];0.6389170406833647;[4733, 2174];[1758, 736]
0.3364992141723633;13;((-2, 3), (2, -3), (-2, -3, -1), (-2, -3, 1), (2, 3, -1), (2, 3, 1));((-2, 3), (-2, -3, -1), (-2, -3, 1), (2, 3, -1), (2, 3, 1), (2, -3, -1), (2, -3, 1));7;[1, 0, 0, 1, 0, 0, 0];0.4310829593166353;((-3,), (3,));2;[0, 1];0.3810829593166353;[0.12655856377587954, 0.27452439554075575];0.6389170406833647;[4733, 2174];[1758, 736]
0.347628116607666;11;((-2, -3), (2, -3), (-2, 3, -1), (-2, 3, 1), (2, 3, -1), (2, 3, 1));((2, -3), (-2, 3, -1), (-2, 3, 1), (2, 3, -1), (2, 3, 1), (-2, -3, -1), (-2, -3, 1));7;[0, 1, 1, 1, 0, 0, 0];0.4310829593166353;((-3,), (3,));2;[0, 1];0.3810829593166353;[0.12655856377587954, 0.27452439554075575];0.6389170406833647;[4733, 2174];[1758, 736]
0.3498225212097168;12;((-2, -3), (2, -3), (-2, 3, -1), (-2, 3, 1), (2, 3, -1), (2, 3, 1));((-2, -3), (-2, 3, -1), (-2, 3, 1), (2, 3, -1), (2, 3, 1), (2, -3, -1), (2, -3, 1));7;[0, 1, 1, 1, 0, 0, 0];0.4310829593166353;((-3,), (3,));2;[0, 1];0.3810829593166353;[0.12655856377587954, 0.27452439554075575];0.6389170406833647;[4733, 2174];[1758, 736]
0.35205841064453125;11;((2, -3), (-2, -3, -1), (-2, -3, 1), (-2, 3, -1), (-2, 3, 1), (2, 3, -1), (2, 3, 1));((-2, -3, -1), (-2, -3, 1), (-2, 3, -1), (-2, 3, 1), (2, 3, -1), (2, 3, 1), (2, -3, -1), (2, -3, 1));8;[0, 0, 1, 1, 1, 0, 0, 0];0.4410829593166353;((-3,), (3,));2;[0, 1];0.3810829593166353;[0.12655856377587954, 0.27452439554075575];0.6389170406833647;[4733, 2174];[1758, 736]
0.36335301399230957;6;((-2, -3), (-2, 3), (2, 1), (2, -1, -3), (2, -1, 3));((-2, 3), (2, 1), (2, -1, -3), (2, -1, 3), (-2, -3, -1), (-2, -3, 1));6;[1, 0, 0, 1, 0, 0];0.4210829593166353;((-3,), (3,));2;[0, 1];0.3810829593166353;[0.12655856377587954, 0.27452439554075575];0.6389170406833647;[4733, 2174];[1758, 736]
0.3687164783477783;7;((-2, -3), (-2, 3), (2, 1), (2, -1, -3), (2, -1, 3));((-2, -3), (2, 1), (2, -1, -3), (2, -1, 3), (-2, 3, -1), (-2, 3, 1));6;[0, 0, 0, 1, 1, 1];0.4210829593166353;((-3,), (3,));2;[0, 1];0.3810829593166353;[0.12655856377587954, 0.27452439554075575];0.6389170406833647;[4733, 2174];[1758, 736]
0.3740813732147217;7;((-2, 3), (2, 1), (2, -1, -3), (2, -1, 3), (-2, -3, -1), (-2, -3, 1));((2, 1), (2, -1, -3), (2, -1, 3), (-2, -3, -1), (-2, -3, 1), (-2, 3, -1), (-2, 3, 1));7;[0, 0, 1, 0, 0, 1, 1];0.4310829593166354;((-3,), (3,));2;[0, 1];0.3810829593166353;[0.12655856377587954, 0.27452439554075575];0.6389170406833647;[4733, 2174];[1758, 736]
0.38518452644348145;7;((-2, -3), (2, 1), (2, -1, -3), (2, -1, 3), (-2, 3, -1), (-2, 3, 1));((2, 1), (2, -1, -3), (2, -1, 3), (-2, 3, -1), (-2, 3, 1), (-2, -3, -1), (-2, -3, 1));7;[0, 0, 1, 1, 1, 0, 0];0.4310829593166354;((-3,), (3,));2;[0, 1];0.3810829593166353;[0.12655856377587954, 0.27452439554075575];0.6389170406833647;[4733, 2174];[1758, 736]
0.401705265045166;4;((-1,), (1,));((1,), (-1, -2), (-1, 2));3;[1, 0, 1];0.4821499927609672;((-3,), (3,));2;[0, 1];0.3810829593166353;[0.12655856377587954, 0.27452439554075575];0.6389170406833647;[4733, 2174];[1758, 736]
0.41814136505126953;5;((-1,), (1,));((1,), (-1, -3), (-1, 3));3;[1, 0, 1];0.393978572462719;((-3,), (3,));2;[0, 1];0.3810829593166353;[0.12655856377587954, 0.27452439554075575];0.6389170406833647;[4733, 2174];[1758, 736]
0.42040324211120605;6;((-1,), (1,));((-1,), (1, -2), (1, 2));3;[0, 1, 0];0.48707253510930937;((-3,), (3,));2;[0, 1];0.3810829593166353;[0.12655856377587954, 0.27452439554075575];0.6389170406833647;[4733, 2174];[1758, 736]
0.4225776195526123;7;((-1,), (1,));((-1,), (1, -3), (1, 3));3;[0, 0, 1];0.4841769219632257;((-3,), (3,));2;[0, 1];0.3810829593166353;[0.12655856377587954, 0.27452439554075575];0.6389170406833647;[4733, 2174];[1758, 736]
0.42479372024536133;7;((1,), (-1, -3), (-1, 3));((-1, -3), (-1, 3), (1, -2), (1, 2));4;[0, 1, 1, 0];0.403978572462719;((-3,), (3,));2;[0, 1];0.3810829593166353;[0.12655856377587954, 0.27452439554075575];0.6389170406833647;[4733, 2174];[1758, 736]
0.42702341079711914;8;((1,), (-1, -3), (-1, 3));((-1, -3), (-1, 3), (1, -3), (1, 3));4;[0, 1, 0, 1];0.4010829593166353;((-3,), (3,));2;[0, 1];0.3810829593166353;[0.12655856377587954, 0.27452439554075575];0.6389170406833647;[4733, 2174];[1758, 736]
0.4382624626159668;9;((1,), (-1, -3), (-1, 3));((1,), (-1, 3), (-1, -3, -2), (-1, -3, 2));4;[1, 1, 0, 0];0.403978572462719;((-3,), (3,));2;[0, 1];0.3810829593166353;[0.12655856377587954, 0.27452439554075575];0.6389170406833647;[4733, 2174];[1758, 736]
0.4441084861755371;10;((1,), (-1, -3), (-1, 3));((1,), (-1, -3), (-1, 3, -2), (-1, 3, 2));4;[1, 0, 1, 1];0.403978572462719;((-3,), (3,));2;[0, 1];0.3810829593166353;[0.12655856377587954, 0.27452439554075575];0.6389170406833647;[4733, 2174];[1758, 736]
0.44614076614379883;10;((-1, -3), (-1, 3), (1, -3), (1, 3));((-1, -3), (-1, 3), (1, 3), (1, -3, -2), (1, -3, 2));5;[0, 1, 1, 0, 0];0.4110829593166353;((-3,), (3,));2;[0, 1];0.3810829593166353;[0.12655856377587954, 0.27452439554075575];0.6389170406833647;[4733, 2174];[1758, 736]
0.4484729766845703;10;((-1, -3), (-1, 3), (1, -2), (1, 2));((-1, -3), (-1, 3), (1, 2), (1, -2, -3), (1, -2, 3));5;[0, 1, 0, 0, 1];0.4110829593166353;((-3,), (3,));2;[0, 1];0.3810829593166353;[0.12655856377587954, 0.27452439554075575];0.6389170406833647;[4733, 2174];[1758, 736]
0.45066308975219727;10;((1,), (-1, -3), (-1, 3, -2), (-1, 3, 2));((-1, -3), (-1, 3, -2), (-1, 3, 2), (1, -2), (1, 2));5;[0, 1, 1, 1, 0];0.413978572462719;((-3,), (3,));2;[0, 1];0.3810829593166353;[0.12655856377587954, 0.27452439554075575];0.6389170406833647;[4733, 2174];[1758, 736]
0.4528999328613281;11;((1,), (-1, -3), (-1, 3, -2), (-1, 3, 2));((-1, -3), (-1, 3, -2), (-1, 3, 2), (1, -3), (1, 3));5;[0, 1, 1, 0, 1];0.4110829593166353;((-3,), (3,));2;[0, 1];0.3810829593166353;[0.12655856377587954, 0.27452439554075575];0.6389170406833647;[4733, 2174];[1758, 736]
0.46440839767456055;12;((1,), (-1, -3), (-1, 3, -2), (-1, 3, 2));((1,), (-1, 3, -2), (-1, 3, 2), (-1, -3, -2), (-1, -3, 2));5;[1, 1, 1, 0, 0];0.413978572462719;((-3,), (3,));2;[0, 1];0.3810829593166353;[0.12655856377587954, 0.27452439554075575];0.6389170406833647;[4733, 2174];[1758, 736]
0.4666309356689453;12;((1,), (-1, 3), (-1, -3, -2), (-1, -3, 2));((-1, 3), (-1, -3, -2), (-1, -3, 2), (1, -2), (1, 2));5;[1, 0, 0, 1, 0];0.413978572462719;((-3,), (3,));2;[0, 1];0.3810829593166353;[0.12655856377587954, 0.27452439554075575];0.6389170406833647;[4733, 2174];[1758, 736]
0.4688377380371094;13;((1,), (-1, 3), (-1, -3, -2), (-1, -3, 2));((-1, 3), (-1, -3, -2), (-1, -3, 2), (1, -3), (1, 3));5;[1, 0, 0, 0, 1];0.4110829593166353;((-3,), (3,));2;[0, 1];0.3810829593166353;[0.12655856377587954, 0.27452439554075575];0.6389170406833647;[4733, 2174];[1758, 736]
0.47473812103271484;14;((1,), (-1, 3), (-1, -3, -2), (-1, -3, 2));((1,), (-1, -3, -2), (-1, -3, 2), (-1, 3, -2), (-1, 3, 2));5;[1, 0, 0, 1, 1];0.413978572462719;((-3,), (3,));2;[0, 1];0.3810829593166353;[0.12655856377587954, 0.27452439554075575];0.6389170406833647;[4733, 2174];[1758, 736]
0.47686314582824707;14;((-1, -3), (-1, 3, -2), (-1, 3, 2), (1, -3), (1, 3));((-1, -3), (-1, 3, -2), (-1, 3, 2), (1, 3), (1, -3, -2), (1, -3, 2));6;[0, 1, 1, 1, 0, 0];0.4210829593166353;((-3,), (3,));2;[0, 1];0.3810829593166353;[0.12655856377587954, 0.27452439554075575];0.6389170406833647;[4733, 2174];[1758, 736]
0.47887516021728516;14;((-1, 3), (-1, -3, -2), (-1, -3, 2), (1, -3), (1, 3));((-1, 3), (-1, -3, -2), (-1, -3, 2), (1, 3), (1, -3, -2), (1, -3, 2));6;[1, 0, 0, 1, 0, 0];0.4210829593166353;((-3,), (3,));2;[0, 1];0.3810829593166353;[0.12655856377587954, 0.27452439554075575];0.6389170406833647;[4733, 2174];[1758, 736]
0.48116230964660645;14;((1,), (-1, -3, -2), (-1, -3, 2), (-1, 3, -2), (-1, 3, 2));((-1, -3, -2), (-1, -3, 2), (-1, 3, -2), (-1, 3, 2), (1, -2), (1, 2));6;[0, 0, 1, 1, 1, 0];0.42397857246271903;((-3,), (3,));2;[0, 1];0.3810829593166353;[0.12655856377587954, 0.27452439554075575];0.6389170406833647;[4733, 2174];[1758, 736]
0.4833836555480957;15;((1,), (-1, -3, -2), (-1, -3, 2), (-1, 3, -2), (-1, 3, 2));((-1, -3, -2), (-1, -3, 2), (-1, 3, -2), (-1, 3, 2), (1, -3), (1, 3));6;[0, 0, 1, 1, 0, 1];0.4210829593166353;((-3,), (3,));2;[0, 1];0.3810829593166353;[0.12655856377587954, 0.27452439554075575];0.6389170406833647;[4733, 2174];[1758, 736]
0.4856741428375244;14;((-1, 3), (-1, -3, -2), (-1, -3, 2), (1, -2), (1, 2));((-1, 3), (-1, -3, -2), (-1, -3, 2), (1, 2), (1, -2, -3), (1, -2, 3));6;[1, 0, 0, 0, 0, 1];0.4210829593166353;((-3,), (3,));2;[0, 1];0.3810829593166353;[0.12655856377587954, 0.27452439554075575];0.6389170406833647;[4733, 2174];[1758, 736]
0.4880034923553467;14;((-1, -3), (-1, 3, -2), (-1, 3, 2), (1, -2), (1, 2));((-1, -3), (-1, 3, -2), (-1, 3, 2), (1, 2), (1, -2, -3), (1, -2, 3));6;[0, 1, 1, 0, 0, 1];0.4210829593166353;((-3,), (3,));2;[0, 1];0.3810829593166353;[0.12655856377587954, 0.27452439554075575];0.6389170406833647;[4733, 2174];[1758, 736]
0.4900705814361572;14;((-1, -3, -2), (-1, -3, 2), (-1, 3, -2), (-1, 3, 2), (1, -3), (1, 3));((-1, -3, -2), (-1, -3, 2), (-1, 3, -2), (-1, 3, 2), (1, 3), (1, -3, -2), (1, -3, 2));7;[0, 0, 1, 1, 1, 0, 0];0.4310829593166353;((-3,), (3,));2;[0, 1];0.3810829593166353;[0.12655856377587954, 0.27452439554075575];0.6389170406833647;[4733, 2174];[1758, 736]
0.4923985004425049;14;((-1, -3, -2), (-1, -3, 2), (-1, 3, -2), (-1, 3, 2), (1, -2), (1, 2));((-1, -3, -2), (-1, -3, 2), (-1, 3, -2), (-1, 3, 2), (1, 2), (1, -2, -3), (1, -2, 3));7;[0, 0, 1, 1, 0, 0, 1];0.4310829593166353;((-3,), (3,));2;[0, 1];0.3810829593166353;[0.12655856377587954, 0.27452439554075575];0.6389170406833647;[4733, 2174];[1758, 736]
0.49843907356262207;14;((-1, 3), (-1, -3, -2), (-1, -3, 2), (1, 2), (1, -2, -3), (1, -2, 3));((-1, -3, -2), (-1, -3, 2), (1, 2), (1, -2, -3), (1, -2, 3), (-1, 3, -2), (-1, 3, 2));7;[0, 0, 0, 0, 1, 1, 1];0.4310829593166353;((-3,), (3,));2;[0, 1];0.3810829593166353;[0.12655856377587954, 0.27452439554075575];0.6389170406833647;[4733, 2174];[1758, 736]
0.504518985748291;14;((-1, 3), (-1, -3, -2), (-1, -3, 2), (1, 3), (1, -3, -2), (1, -3, 2));((-1, -3, -2), (-1, -3, 2), (1, 3), (1, -3, -2), (1, -3, 2), (-1, 3, -2), (-1, 3, 2));7;[0, 0, 1, 0, 0, 1, 1];0.4310829593166353;((-3,), (3,));2;[0, 1];0.3810829593166353;[0.12655856377587954, 0.27452439554075575];0.6389170406833647;[4733, 2174];[1758, 736]
0.507676362991333;6;((2,), (-2, -1), (-2, 1));((-2, -1), (-2, 1), (2, -1), (2, 1));4;[0, 1, 1, 0];0.49214999276096716;((-3,), (3,));2;[0, 1];0.3810829593166353;[0.12655856377587954, 0.27452439554075575];0.6389170406833647;[4733, 2174];[1758, 736]
0.5106463432312012;7;((2,), (-2, -1), (-2, 1));((-2, -1), (-2, 1), (2, -3), (2, 3));4;[0, 1, 0, 1];0.4762241204575069;((-3,), (3,));2;[0, 1];0.3810829593166353;[0.12655856377587954, 0.27452439554075575];0.6389170406833647;[4733, 2174];[1758, 736]
0.525226354598999;7;((-2, -1), (-2, 1), (2, -3), (2, 3));((-2, 1), (2, -3), (2, 3), (-2, -1, -3), (-2, -1, 3));5;[1, 0, 1, 0, 1];0.413978572462719;((-3,), (3,));2;[0, 1];0.3810829593166353;[0.12655856377587954, 0.27452439554075575];0.6389170406833647;[4733, 2174];[1758, 736]
0.5276036262512207;8;((-2, -1), (-2, 1), (2, -3), (2, 3));((-2, -1), (2, -3), (2, 3), (-2, 1, -3), (-2, 1, 3));5;[0, 0, 1, 0, 1];0.4833285073114232;((-3,), (3,));2;[0, 1];0.3810829593166353;[0.12655856377587954, 0.27452439554075575];0.6389170406833647;[4733, 2174];[1758, 736]
0.5298793315887451;8;((-2, 1), (2, -3), (2, 3), (-2, -1, -3), (-2, -1, 3));((2, -3), (2, 3), (-2, -1, -3), (-2, -1, 3), (-2, 1, -3), (-2, 1, 3));6;[0, 1, 0, 1, 0, 1];0.4210829593166353;((-3,), (3,));2;[0, 1];0.3810829593166353;[0.12655856377587954, 0.27452439554075575];0.6389170406833647;[4733, 2174];[1758, 736]
0.5321118831634521;9;((-2, 1), (2, -3), (2, 3), (-2, -1, -3), (-2, -1, 3));((-2, 1), (2, 3), (-2, -1, -3), (-2, -1, 3), (2, -3, -1), (2, -3, 1));6;[1, 1, 0, 1, 0, 0];0.42397857246271903;((-3,), (3,));2;[0, 1];0.3810829593166353;[0.12655856377587954, 0.27452439554075575];0.6389170406833647;[4733, 2174];[1758, 736]
0.5335433483123779;10;((-2, 1), (2, -3), (2, 3), (-2, -1, -3), (-2, -1, 3));((-2, 1), (2, -3), (-2, -1, -3), (-2, -1, 3), (2, 3, -1), (2, 3, 1));6;[1, 0, 0, 1, 1, 0];0.42397857246271903;((-3,), (3,));2;[0, 1];0.3810829593166353;[0.12655856377587954, 0.27452439554075575];0.6389170406833647;[4733, 2174];[1758, 736]
0.5358767509460449;9;((-2, 1), (2, -3), (-2, -1, -3), (-2, -1, 3), (2, 3, -1), (2, 3, 1));((2, -3), (-2, -1, -3), (-2, -1, 3), (2, 3, -1), (2, 3, 1), (-2, 1, -3), (-2, 1, 3));7;[0, 0, 1, 1, 0, 0, 1];0.4310829593166353;((-3,), (3,));2;[0, 1];0.3810829593166353;[0.12655856377587954, 0.27452439554075575];0.6389170406833647;[4733, 2174];[1758, 736]
0.5381896495819092;10;((-2, 1), (2, -3), (-2, -1, -3), (-2, -1, 3), (2, 3, -1), (2, 3, 1));((-2, 1), (-2, -1, -3), (-2, -1, 3), (2, 3, -1), (2, 3, 1), (2, -3, -1), (2, -3, 1));7;[1, 0, 1, 1, 0, 0, 0];0.43397857246271904;((-3,), (3,));2;[0, 1];0.3810829593166353;[0.12655856377587954, 0.27452439554075575];0.6389170406833647;[4733, 2174];[1758, 736]
0.5405230522155762;7;((1,), (-1, -2), (-1, 2));((-1, -2), (-1, 2), (1, -2), (1, 2));4;[0, 1, 1, 0];0.49214999276096716;((-3,), (3,));2;[0, 1];0.3810829593166353;[0.12655856377587954, 0.27452439554075575];0.6389170406833647;[4733, 2174];[1758, 736]
0.542776346206665;8;((1,), (-1, -2), (-1, 2));((-1, -2), (-1, 2), (1, -3), (1, 3));4;[0, 1, 0, 1];0.4892543796148835;((-3,), (3,));2;[0, 1];0.3810829593166353;[0.12655856377587954, 0.27452439554075575];0.6389170406833647;[4733, 2174];[1758, 736]
0.5575063228607178;9;((1,), (-1, -2), (-1, 2));((1,), (-1, 2), (-1, -2, -3), (-1, -2, 3));4;[1, 1, 0, 1];0.41990444476617933;((-3,), (3,));2;[0, 1];0.3810829593166353;[0.12655856377587954, 0.27452439554075575];0.6389170406833647;[4733, 2174];[1758, 736]
0.5604712963104248;10;((1,), (-1, -2), (-1, 2));((1,), (-1, -2), (-1, 2, -3), (-1, 2, 3));4;[1, 0, 0, 1];0.47622412045750695;((-3,), (3,));2;[0, 1];0.3810829593166353;[0.12655856377587954, 0.27452439554075575];0.6389170406833647;[4733, 2174];[1758, 736]
0.5626347064971924;10;((1,), (-1, 2), (-1, -2, -3), (-1, -2, 3));((-1, 2), (-1, -2, -3), (-1, -2, 3), (1, -2), (1, 2));5;[1, 0, 1, 1, 0];0.4299044447661793;((-3,), (3,));2;[0, 1];0.3810829593166353;[0.12655856377587954, 0.27452439554075575];0.6389170406833647;[4733, 2174];[1758, 736]
0.5648133754730225;11;((1,), (-1, 2), (-1, -2, -3), (-1, -2, 3));((-1, 2), (-1, -2, -3), (-1, -2, 3), (1, -3), (1, 3));5;[1, 0, 1, 0, 1];0.4270088316200956;((-3,), (3,));2;[0, 1];0.3810829593166353;[0.12655856377587954, 0.27452439554075575];0.6389170406833647;[4733, 2174];[1758, 736]
0.5677647590637207;12;((1,), (-1, 2), (-1, -2, -3), (-1, -2, 3));((1,), (-1, -2, -3), (-1, -2, 3), (-1, 2, -3), (-1, 2, 3));5;[1, 0, 1, 0, 1];0.4139785724627191;((-3,), (3,));2;[0, 1];0.3810829593166353;[0.12655856377587954, 0.27452439554075575];0.6389170406833647;[4733, 2174];[1758, 736]
0.5700407028198242;12;((1,), (-1, -2, -3), (-1, -2, 3), (-1, 2, -3), (-1, 2, 3));((-1, -2, -3), (-1, -2, 3), (-1, 2, -3), (-1, 2, 3), (1, -2), (1, 2));6;[0, 1, 0, 1, 1, 0];0.42397857246271903;((-3,), (3,));2;[0, 1];0.3810829593166353;[0.12655856377587954, 0.27452439554075575];0.6389170406833647;[4733, 2174];[1758, 736]
0.5723421573638916;13;((1,), (-1, -2, -3), (-1, -2, 3), (-1, 2, -3), (-1, 2, 3));((-1, -2, -3), (-1, -2, 3), (-1, 2, -3), (-1, 2, 3), (1, -3), (1, 3));6;[0, 1, 0, 1, 0, 1];0.4210829593166353;((-3,), (3,));2;[0, 1];0.3810829593166353;[0.12655856377587954, 0.27452439554075575];0.6389170406833647;[4733, 2174];[1758, 736]
0.5743029117584229;13;((-1, -2, -3), (-1, -2, 3), (-1, 2, -3), (-1, 2, 3), (1, -3), (1, 3));((-1, -2, -3), (-1, -2, 3), (-1, 2, -3), (-1, 2, 3), (1, 3), (1, -3, -2), (1, -3, 2));7;[0, 1, 0, 1, 1, 0, 0];0.4310829593166353;((-3,), (3,));2;[0, 1];0.3810829593166353;[0.12655856377587954, 0.27452439554075575];0.6389170406833647;[4733, 2174];[1758, 736]
0.5765526294708252;13;((-1, -2, -3), (-1, -2, 3), (-1, 2, -3), (-1, 2, 3), (1, -2), (1, 2));((-1, -2, -3), (-1, -2, 3), (-1, 2, -3), (-1, 2, 3), (1, 2), (1, -2, -3), (1, -2, 3));7;[0, 1, 0, 1, 0, 0, 1];0.4310829593166353;((-3,), (3,));2;[0, 1];0.3810829593166353;[0.12655856377587954, 0.27452439554075575];0.6389170406833647;[4733, 2174];[1758, 736]
0.5785729885101318;13;((-1, 2), (-1, -2, -3), (-1, -2, 3), (1, -3), (1, 3));((-1, 2), (-1, -2, -3), (-1, -2, 3), (1, 3), (1, -3, -2), (1, -3, 2));6;[1, 0, 1, 1, 0, 0];0.43700883162009563;((-3,), (3,));2;[0, 1];0.3810829593166353;[0.12655856377587954, 0.27452439554075575];0.6389170406833647;[4733, 2174];[1758, 736]
0.5809481143951416;13;((-1, 2), (-1, -2, -3), (-1, -2, 3), (1, -2), (1, 2));((-1, 2), (-1, -2, -3), (-1, -2, 3), (1, 2), (1, -2, -3), (1, -2, 3));6;[1, 0, 1, 0, 0, 1];0.43700883162009563;((-3,), (3,));2;[0, 1];0.3810829593166353;[0.12655856377587954, 0.27452439554075575];0.6389170406833647;[4733, 2174];[1758, 736]
0.5838737487792969;13;((-1, 2), (-1, -2, -3), (-1, -2, 3), (1, 3), (1, -3, -2), (1, -3, 2));((-1, -2, -3), (-1, -2, 3), (1, 3), (1, -3, -2), (1, -3, 2), (-1, 2, -3), (-1, 2, 3));7;[0, 1, 1, 0, 0, 0, 1];0.4310829593166353;((-3,), (3,));2;[0, 1];0.3810829593166353;[0.12655856377587954, 0.27452439554075575];0.6389170406833647;[4733, 2174];[1758, 736]
0.5868930816650391;12;((-1, 2), (-1, -2, -3), (-1, -2, 3), (1, 2), (1, -2, -3), (1, -2, 3));((-1, -2, -3), (-1, -2, 3), (1, 2), (1, -2, -3), (1, -2, 3), (-1, 2, -3), (-1, 2, 3));7;[0, 1, 0, 0, 1, 0, 1];0.4310829593166353;((-3,), (3,));2;[0, 1];0.3810829593166353;[0.12655856377587954, 0.27452439554075575];0.6389170406833647;[4733, 2174];[1758, 736]
0.5891878604888916;9;((1,), (-1, -2), (-1, 2, -3), (-1, 2, 3));((-1, -2), (-1, 2, -3), (-1, 2, 3), (1, -2), (1, 2));5;[0, 0, 1, 1, 0];0.4862241204575069;((-3,), (3,));2;[0, 1];0.3810829593166353;[0.12655856377587954, 0.27452439554075575];0.6389170406833647;[4733, 2174];[1758, 736]
0.591376543045044;10;((1,), (-1, -2), (-1, 2, -3), (-1, 2, 3));((-1, -2), (-1, 2, -3), (-1, 2, 3), (1, -3), (1, 3));5;[0, 0, 1, 0, 1];0.4833285073114232;((-3,), (3,));2;[0, 1];0.3810829593166353;[0.12655856377587954, 0.27452439554075575];0.6389170406833647;[4733, 2174];[1758, 736]
0.5934128761291504;9;((-1, -2), (-1, 2, -3), (-1, 2, 3), (1, -3), (1, 3));((-1, -2), (-1, 2, -3), (-1, 2, 3), (1, 3), (1, -3, -2), (1, -3, 2));6;[0, 0, 1, 1, 0, 0];0.4933285073114232;((-3,), (3,));2;[0, 1];0.3810829593166353;[0.12655856377587954, 0.27452439554075575];0.6389170406833647;[4733, 2174];[1758, 736]
0.5953731536865234;9;((-1,), (1, -3), (1, 3));((-1,), (1, 3), (1, -3, -2), (1, -3, 2));4;[0, 1, 0, 0];0.4941769219632257;((-3,), (3,));2;[0, 1];0.3810829593166353;[0.12655856377587954, 0.27452439554075575];0.6389170406833647;[4733, 2174];[1758, 736]
0.5976474285125732;9;((-1, -2), (-1, 2, -3), (-1, 2, 3), (1, -2), (1, 2));((-1, -2), (-1, 2, -3), (-1, 2, 3), (1, 2), (1, -2, -3), (1, -2, 3));6;[0, 0, 1, 0, 0, 1];0.4933285073114232;((-3,), (3,));2;[0, 1];0.3810829593166353;[0.12655856377587954, 0.27452439554075575];0.6389170406833647;[4733, 2174];[1758, 736]
0.5998806953430176;9;((-1,), (1, -2), (1, 2));((-1,), (1, 2), (1, -2, -3), (1, -2, 3));4;[0, 0, 0, 1];0.4941769219632257;((-3,), (3,));2;[0, 1];0.3810829593166353;[0.12655856377587954, 0.27452439554075575];0.6389170406833647;[4733, 2174];[1758, 736]
0.6032638549804688;9;((-2,), (2, -1), (2, 1));((-2,), (2, 1), (2, -1, -3), (2, -1, 3));4;[0, 0, 0, 1];0.48187056609237006;((-3,), (3,));2;[0, 1];0.3810829593166353;[0.12655856377587954, 0.27452439554075575];0.6389170406833647;[4733, 2174];[1758, 736]
0.605370283126831;9;((-1, -2), (-1, 2), (1, -3), (1, 3));((-1, -2), (-1, 2), (1, 3), (1, -3, -2), (1, -3, 2));5;[0, 1, 1, 0, 0];0.4992543796148835;((-3,), (3,));2;[0, 1];0.3810829593166353;[0.12655856377587954, 0.27452439554075575];0.6389170406833647;[4733, 2174];[1758, 736]
0.6083300113677979;9;((-2, -1), (-2, 1), (2, -1), (2, 1));((-2, -1), (-2, 1), (2, 1), (2, -1, -3), (2, -1, 3));5;[0, 1, 0, 0, 1];0.4862241204575069;((-3,), (3,));2;[0, 1];0.3810829593166353;[0.12655856377587954, 0.27452439554075575];0.6389170406833647;[4733, 2174];[1758, 736]
0.6223196983337402;9;((-2, -1), (-2, 1), (2, 1), (2, -1, -3), (2, -1, 3));((-2, 1), (2, 1), (2, -1, -3), (2, -1, 3), (-2, -1, -3), (-2, -1, 3));6;[1, 0, 0, 1, 0, 1];0.42397857246271903;((-3,), (3,));2;[0, 1];0.3810829593166353;[0.12655856377587954, 0.27452439554075575];0.6389170406833647;[4733, 2174];[1758, 736]
0.6245675086975098;10;((-2, -1), (-2, 1), (2, 1), (2, -1, -3), (2, -1, 3));((-2, -1), (2, 1), (2, -1, -3), (2, -1, 3), (-2, 1, -3), (-2, 1, 3));6;[0, 0, 0, 1, 0, 1];0.4933285073114232;((-3,), (3,));2;[0, 1];0.3810829593166353;[0.12655856377587954, 0.27452439554075575];0.6389170406833647;[4733, 2174];[1758, 736]
0.6268084049224854;10;((-2, 1), (2, 1), (2, -1, -3), (2, -1, 3), (-2, -1, -3), (-2, -1, 3));((2, 1), (2, -1, -3), (2, -1, 3), (-2, -1, -3), (-2, -1, 3), (-2, 1, -3), (-2, 1, 3));7;[0, 0, 1, 0, 1, 0, 1];0.4310829593166353;((-3,), (3,));2;[0, 1];0.3810829593166353;[0.12655856377587954, 0.27452439554075575];0.6389170406833647;[4733, 2174];[1758, 736]
0.6291933059692383;9;((-1, -2), (-1, 2), (1, -2), (1, 2));((-1, -2), (-1, 2), (1, 2), (1, -2, -3), (1, -2, 3));5;[0, 1, 0, 0, 1];0.4992543796148835;((-3,), (3,));2;[0, 1];0.3810829593166353;[0.12655856377587954, 0.27452439554075575];0.6389170406833647;[4733, 2174];[1758, 736]